-0.352669
0.174376
-0.249387
0.050335
0.0449616
-0.216867
0.218313
0.0601107
-0.0142319
-0.10586
0.279988
0.228282
-0.23044
0.253811
0.148847
0.00957066
-0.138597
-0.342958
-0.288922
-0.0958469
-0.236245
0.345439
-0.0384013
-0.269349
-0.350252
-0.347252
-0.0863517
0.0223891
0.071958
0.0757776
-0.236008
0.11529
-0.0347975
-0.104565
-0.313221
0.0761445
0.226676
-0.0379192
0.343654
-0.233787
0.455901
0.425718
0.0393536
-0.357662
-0.264672
0.362239
-0.290399
0.279656
0.496796
0.499695
0.111499
-0.107562
-0.202719
0.340144
-0.476257
-0.124134
-0.283319
-0.302606
-0.0198828
-0.19805
-0.375973
